1561912580037531175375541660306317895630049061076396808501946240371667069812251692029269866797909990
-3078090826281349532081485747293259626705297385095310239149395758906503755351407724936721874714091674
9502117178024928653241258781198084380947566485281529034437526761081764961405797705651248355507733766
5529958049423345427343626657807127841376175507949577180636823509737261185296230052024488980634345716664968667987456892701818057826873399495684593066381483655541937727729385133780476252823760606268784
3694352337317791103439660390073367971803525883955921593978381230666925227860347818219288252005623764255852868377006455424502166350829499579825370100543778718937703804156631838571341402105555526677886
5000962957781149069855403797498957270236682893077934870988606846463551275029332913782831044941235963
-7581113703815240152983890622657636443350469156931069523761650092474844157415649704425003400886201487
2954618327285312687262492379078946470080656723805922185494211518179551098594007902490021231066436247
7190021871252783800345649837706619249175064481452695916952951680776430210721389385183579533745460764
4374841529149947442368346780184394813483770739372579749294783652242192788858215000452102168331924971
